10045
10048
10070
10081
10085
10093
10127
10131
10142
10148
10220
10226
10294
10316
10317
10319
10320
10322
10323
10329
10340
10376
10396
10419
10463
10465
10466
10513
1054
10541
10552
10579
10586
10607
10617
10724
10729
10776
10839
10849
1087
10880
10901
10902
10904
10912
10915
10935
10936
10954
10965
10976
10977
10981
11
11014
11027
11028
11047
11055
11064
11065
11069
11073
11083
11092
11095
11097
11098
11105
11111
11115
11140
11143
11147
11149
11156
11162
11171
11216
11218
11236
11257
11259
11260
11268
11283
113
11310
11333
11417
11432
11461
11469
11470
1151
11533
1154
11547
11563
11574
11582
11592
11609
11610
11625
11661
11757
11860
11877
11890
11896
11909
11915
11936
11997
12
120
12007
12076
12091
12103
12116
12176
12228
12260
12316
125
12526
12545
12559
12571
12610
12630
12656
12681
12682
12689
12690
12691
12692
12728
12729
12730
12731
12734
12735
12741
12774
12775
12777
12778
12794
12805
1281
12810
12814
1282
12823
1283
12839
1284
12847
12870
12878
12881
12936
12937
12943
12952
12964
12974
12980
12997
13020
13035
13087
1311
13158
13213
13274
1330
13337
13347
13355
13439
13450
13455
13470
13494
13499
13508
13537
1354
13542
13577
1361
1362
1363
1364
13649
13664
137
13717
13725
13753
13783
13803
13815
13833
13859
13879
13895
13897
13898
13905
13912
13980
14019
14034
14040
14083
14101
14110
14111
14116
14127
14130
14138
14147
14148
14169
14170
14175
14180
14188
14202
14226
14241
14244
14278
14283
14301
14320
14335
14352
14369
14375
14391
14402
14411
14457
14493
1450
14508
14546
14568
14573
14588
146
14606
14608
14623
14626
14630
14635
14640
14643
14655
14668
14711
14732
14734
14752
14766
14772
14784
14785
14786
14831
14835
14859
14879
1488
14881
14889
14893
14903
14946
14958
14994
15002
15072
15077
15145
15153
15164
15168
15169
15170
15186
15188
15202
15234
15241
15280
15281
15282
15284
15344
15355
15367
15414
15426
15494
15511
15521
15528
15552
15560
15562
15569
15571
15575
15592
15597
15616
15653
15655
15659
15661
15664
15684
157
15709
15714
15720
15723
15726
1573
15750
15767
15778
15795
15825
15834
15839
15903
15904
15920
15928
15929
15933
15954
1597
15971
15976
1599
16
16042
16046
16048
16081
16091
1612
16134
16140
16244
16251
16253
16379
16383
16390
16435
16436
16437
16448
16454
16464
16476
16514
16522
16524
16544
16560
16583
16623
16639
16663
16686
16693
16756
16770
16803
16839
16845
16867
16954
16956
16969
16981
16982
16991
17034
17054
17055
17056
17057
17058
17059
17064
17095
17096
17097
17099
17104
17118
17125
17126
17145
1716
17162
17163
17165
17175
17199
17227
17250
17276
17277
17282
17314
17315
17367
17371
17382
17387
17396
17412
17429
17436
17445
17492
17506
1751
17521
17530
17536
17560
17616
17636
17679
17743
17744
17750
17756
17761
17764
17767
17770
17784
17803
17807
17811
17860
17865
17878
17888
17902
17919
17937
17988
18035
18076
18127
18131
18155
18163
18180
18190
18217
18226
1825
18256
18260
18275
18360
18409
18420
18421
18437
18442
18461
18466
18496
18499
18520
18522
18558
18559
18576
18581
18599
18614
18626
18630
18646
18648
18652
18655
18656
18662
18666
18667
18674
18681
18699
1874
18742
18790
18811
18824
18838
18873
18937
18943
18953
18968
18990
19015
19016
19025
19068
19079
19092
19120
19169
19171
19195
19197
1922
19226
19246
19247
19256
19294
19295
19311
19333
19366
1937
19381
19384
19389
19390
19393
19402
19409
19425
19461
19501
19502
19531
19533
19538
19541
19551
19554
19555
19561
19565
19590
19592
19601
19607
19644
19661
19713
19736
19750
19761
19766
1978
19805
19815
19816
19821
19826
19853
19867
19869
19889
19892
19915
19930
19936
19959
19969
19973
19976
19988
19989
19993
19994
20017
20022
20031
20040
20052
20053
20059
20071
20087
20097
20106
20112
20113
20132
20133
20134
20180
20181
20187
20193
20208
2023
20255
20307
20309
20311
20315
2032
20320
20324
20326
20327
20332
20341
20342
20347
20348
20349
20354
20355
20366
20405
20432
20436
20453
20471
20472
20473
20492
20511
20515
20516
20544
20547
20552
20561
20575
20579
20586
20588
20606
20618
20620
20624
2065
20650
20651
20652
20698
20699
20708
20710
20713
20716
20721
20722
20730
20736
20737
20740
20748
20781
20789
20796
20822
20833
20834
20837
20853
2086
20870
20877
20909
20922
20945
20952
20956
20962
20984
20986
20997
21014
21015
21034
21036
21037
21047
21049
21078
21189
21202
21203
21228
21241
21275
21278
21286
21293
21294
21301
21303
21318
21320
21322
21344
21356
21362
21363
21365
21367
21373
21374
21375
21412
21416
21426
21428
21480
21497
21539
21546
21547
21552
21599
21610
21619
21625
21632
21636
21650
21678
21681
21685
21687
21731
21745
21764
21788
21797
21830
21836
21844
21845
21846
21857
21865
21874
21885
21894
21901
2191
21910
21913
21934
21948
21955
21958
21960
21997
21999
22012
22041
22043
22071
22072
22080
22083
22087
22096
22129
22163
22164
22175
22181
22184
22197
22225
2225
2226
22265
22282
22290
22291
22293
22307
22308
22309
22354
22374
22396
22410
22420
22424
22431
225
22519
22521
22532
22539
22547
22561
22565
22571
22644
22652
22669
2273
22740
22743
22750
22767
22816
22874
22886
22891
22896
2290
22902
22911
22912
22916
22921
22922
22948
22991
22996
23022
23036
2306
23108
23112
23116
23130
23173
23208
23213
23245
2325
23265
23278
23286
23290
23292
23302
23303
23308
23310
23318
23322
23336
2334
23351
23353
23401
23406
23407
23431
23433
23447
23448
23452
23455
23456
23457
23460
23462
23465
23480
23482
23483
23485
23492
23523
23528
23531
23541
23545
23560
23569
23577
23580
236
23634
23644
23645
23649
23661
23663
23667
23671
23677
23683
23728
23735
23737
23778
23779
23780
23781
23785
23786
23819
23869
2391
23916
2392
2393
23943
23944
2395
23955
23987
23989
23999
24011
24013
24033
24061
24108
24117
24130
2414
24167
24168
24248
24283
2430
24336
24347
2435
24361
2441
24410
24415
24421
24430
24460
24465
24474
24475
24476
24477
24478
24479
24482
24489
24493
24513
24516
24530
24544
24545
24556
24557
24569
24582
24589
24590
24592
24608
24609
24611
24628
24644
24645
24663
24679
24683
24692
24697
24703
24711
24714
2473
24730
24731
24737
24738
2474
2475
24751
2476
24760
2477
24772
24778
2478
24786
24795
24811
24826
2483
24831
24852
24856
24858
24869
24872
24873
24881
24903
24921
2493
24935
24937
24938
24939
24940
24941
24942
24943
24970
24973
24976
24978
24991
24993
25002
2502
25023
2503
25079
25081
25090
25095
25098
25102
25143
25145
25150
25165
25201
25205
25206
25272
25274
25283
25301
25316
25356
25357
25359
25396
25408
25418
25427
25432
25433
25442
25444
25448
25456
25466
25467
25469
25477
25478
25480
25481
25483
25484
25486
25494
25496
25497
25505
25506
25507
25510
25511
25513
25529
25552
2557
25578
25590
25600
25611
25621
25626
25634
25639
25646
25648
25650
25654
25672
25710
25753
25762
25770
25798
25801
25802
25811
25824
25847
25857
25869
25872
25873
25893
25896
2591
25913
25920
25928
25943
25967
26016
26018
26027
26039
26041
26043
26060
26083
26087
26104
26122
26130
26149
26150
26160
26164
26177
26181
26182
26193
26208
26218
26232
26255
26256
26258
26310
26322
26331
26335
26355
26367
26369
26372
26389
26392
26399
26409
26414
26429
26442
265
26517
26532
26533
26534
26538
26539
26540
26543
26603
26613
26627
26646
26650
26654
26711
26723
26778
26787
26788
26790
26791
26792
26793
26802
26805
26832
26833
26834
26875
26892
26902
2691
26953
26973
26977
26985
26998
26999
27001
27052
27075
27085
27093
27094
27095
27096
27097
27190
27200
2721
27211
27223
27272
27300
27321
27324
27338
27343
27346
27377
27391
27396
27405
27407
27408
27409
27441
27455
27467
27473
27474
27567
27584
27613
27615
2763
27650
27654
27665
27666
27673
27678
27680
27690
2770
27737
27751
27764
27798
2781
27826
27834
27850
2786
2788
2789
27890
27903
27922
27985
27986
27987
28
28021
28037
28077
28096
28130
28131
28132
28133
28134
28135
28136
28137
28138
28139
28140
28141
28142
28143
28165
2818
28192
28193
28204
28265
28292
28293
28302
28306
2831
28314
28335
28350
28351
28381
28385
28415
28425
28431
28448
28449
28493
28504
28586
286
28625
28642
28648
2865
28652
28654
28660
28687
28694
28703
28711
28716
28722
28725
28735
28740
28741
28744
28748
28769
28771
28772
28774
28776
28804
28816
28817
28818
28819
28824
28825
28826
28830
28835
28846
28849
28855
28861
28878
28881
28885
28886
28889
28895
2892
28932
28966
28974
28983
28984
28985
28986
28990
29001
29016
29067
29087
29088
29121
29123
29130
29134
29153
29168
29196
29203
29249
29260
29287
29295
293
29357
29378
29380
29386
29404
29528
29542
29597
29598
296
29649
29672
29683
29725
29744
29762
29811
29812
29859
29865
29939
29980
30007
30024
3005
3006
30120
30142
30167
30184
30218
30239
3027
30272
3028
30333
30378
30401
30402
30426
30446
30471
3048
30488
30537
30555
30588
30629
30635
30645
30652
30659
30667
30681
3074
30800
30810
30824
30825
30840
30841
30845
30860
30881
30905
30914
30938
30940
30950
30961
30966
30973
31007
31057
31065
31103
31140
31173
31200
31201
31207
31209
31231
31244
31251
31342
31362
31366
31371
31387
31388
31389
31411
31419
31452
31487
31495
31498
31499
31502
3152
31589
31598
316
31616
31719
31722
31731
31763
31786
31795
31836
31870
31900
31967
31993
31996
32024
32038
32045
32049
32057
32059
32090
32095
32202
32217
32226
32269
32270
32273
32279
32292
3230
32310
32312
32319
32334
32336
32365
32389
32402
32415
32437
32453
32460
32466
32471
32476
32488
32489
32496
32502
32520
32521
32523
32525
32535
32553
32571
32572
32575
32605
32606
32669
32686
32710
32720
32731
32736
32772
32810
3282
32843
32867
32886
32921
32964
32993
33002
3303
33046
33109
33135
33152
33210
33212
33213
33240
33282
33321
33381
33389
33407
33409
33425
33476
33517
33521
33522
33523
33530
33544
33547
33567
33613
33666
33691
33730
33775
338
33811
33816
33853
33880
33909
33910
33926
33948
33968
33980
33994
34024
34045
34076
34093
341
34110
3419
34200
34205
34218
34219
34237
34335
34339
34347
34369
34394
34403
34414
34430
34431
34443
34448
34453
34466
34515
3454
34550
34552
34568
34571
34582
34592
34593
34601
34605
34618
34691
347
34705
34720
34728
34737
34749
34763
34830
34831
34832
34852
34894
34902
34906
34943
3495
3496
3497
34971
34975
35002
35013
35014
35029
35036
35042
35044
35046
35060
35070
35071
35082
35083
35090
35097
35128
35158
35170
35178
35186
35227
35248
3527
35281
35357
3536
35410
35411
35422
35448
35451
35458
35483
35493
35502
35543
35553
35557
35564
35596
35598
35601
35688
35704
35746
35749
35808
35821
35822
35853
35859
35862
35909
35915
35930
35957
35964
35972
35983
35987
35997
36005
36008
36015
36039
36052
36053
36080
36101
36119
36130
36166
36176
36178
36179
36183
36202
36241
36251
36255
36259
36273
36293
36314
36320
36322
36323
36333
3636
36377
36385
36388
36391
36395
36396
36397
36398
36400
3642
36423
36426
36429
36431
36532
36540
36581
36584
36602
36609
36612
36614
36665
36668
36684
36685
36707
36717
36726
36732
36740
36744
36747
36748
36760
36823
36851
36853
36861
36887
36906
36923
36964
36977
37003
37013
37015
37019
37021
37031
37043
37056
37118
37165
37176
37188
37193
37207
37209
37215
37219
37242
37245
37252
37291
37303
37307
37310
37332
3734
37353
37363
37364
37381
37405
37414
37432
37433
37434
37454
37459
37464
37472
37485
37486
37487
37495
37511
37542
37543
37547
37554
37564
37599
37611
37655
37668
37673
37690
37708
37738
3774
3777
37837
37857
37871
37881
37909
37911
37912
37929
37952
3796
38005
38025
38030
38037
38063
38070
38110
38112
38123
38152
38199
38215
38252
38254
38289
3833
384
38412
38416
38431
38450
38504
38553
38555
38558
38562
38564
38570
38608
38609
38617
38654
38661
38726
38733
38742
38743
38777
38834
38835
38844
38880
38896
38897
38909
38968
38976
38983
38992
39022
39050
39063
39094
391
39106
39125
39128
39131
39169
39210
39431
39456
39484
39554
39567
39570
39574
39577
39582
39591
39627
39643
39644
39662
39706
39741
39748
39757
39766
39773
39778
39784
39799
398
39802
39812
39820
39833
39871
39896
39899
399
39900
39923
39936
400
40004
40015
40033
40040
40041
40042
40105
4012
40120
40154
4018
40269
4027
40277
40303
40359
40371
40403
4041
40415
40425
40448
40460
40476
4048
4050
40526
40547
40553
4056
40573
40576
40592
40598
40605
40608
40621
40622
40647
40663
40664
40682
40721
40722
40725
40752
40753
40754
40755
40756
40757
40764
40774
40806
40856
4086
40908
40915
40941
41015
41016
41026
41097
41102
41141
41243
41259
41260
41261
41262
41268
41288
41311
41350
41356
41361
41404
41410
41513
41526
41598
41603
41615
41631
41662
41665
41693
41729
41797
41826
41866
41885
41896
41909
41935
41945
41966
41976
41978
41982
42015
42029
42035
42040
42049
42069
42077
42079
421
42101
42102
42137
42142
42155
42156
42157
42158
42160
42161
42204
42246
4227
42285
4230
42307
42366
42461
42556
42574
42575
42582
4265
42653
42664
42725
42748
42755
42796
42837
42850
42862
42920
42947
42961
43011
43107
43110
43120
43122
43126
43127
43131
43136
43138
43140
43144
43145
43146
43197
43204
43210
4324
43251
43252
43266
43284
43287
43289
43301
43325
43336
43362
43371
43387
43395
43399
43425
43447
43485
43509
43558
43569
43582
43583
43584
43585
43596
43600
43636
43638
43639
43659
43692
43720
43729
43769
4378
43793
43796
43807
43808
43818
43825
43832
43833
43834
4384
43853
43862
43872
43904
43905
43907
43908
43918
43936
43982
43999
440
44037
44059
44060
44061
44062
44073
44078
44081
44154
44172
44249
44293
44294
44317
44352
44353
44369
44377
44400
44401
44433
44445
44457
44485
44524
44531
44536
44592
44593
44601
44622
44637
44680
44693
44770
44780
44788
44796
44804
44808
44835
44846
44862
44935
44950
44951
44954
44969
45
45021
45022
45026
45029
45045
45064
45107
45117
45142
45155
45156
45174
45214
45241
45242
45244
45253
45260
45275
45279
45294
45295
45300
45302
45308
4532
45321
45324
45326
45343
4538
45384
45388
45389
45407
45443
45452
45497
45507
45517
45547
45549
45551
45552
45556
45557
45576
45577
45582
45588
4560
45601
45659
45683
45689
45690
45716
45720
45740
45797
45806
45841
45845
459
45910
45989
45990
460
46017
46020
46045
46048
46051
46054
46075
4608
46109
46119
46127
46172
46176
462
46205
46207
46262
46269
46317
46336
4635
46371
46375
46386
46404
46417
46419
46458
46483
46484
46486
46508
46558
46592
4660
46656
4670
46712
46762
46814
46850
46861
46866
46872
46920
46950
46951
46952
46956
46960
46970
4698
46988
47
47012
47023
4711
47120
47139
47146
47177
47178
47226
47265
47272
47283
47284
473
47417
47451
4748
47554
47562
47564
47583
47607
47609
47613
47614
47646
47683
47692
4784
47841
47875
47961
47989
47995
48032
48063
48087
48143
48153
48164
48167
48214
48254
48261
48325
48350
48351
48372
48377
48409
48420
48466
48467
48505
48517
48531
48536
48537
48593
48648
48655
48680
48761
48832
48848
48849
48860
48861
48862
48863
48908
48947
48949
48951
48955
49001
4901
49010
49030
49049
49057
49060
49098
4914
49143
49157
49162
49170
49186
49190
49201
4921
49227
49240
49249
49278
49385
4940
4945
49459
49471
49496
49499
49507
49519
49579
49610
49617
49652
49686
49708
49724
49748
49749
49750
49751
49777
49780
4979
4980
4985
4987
4989
499
4991
49913
49919
4995
49957
4997
49991
500
50011
50014
5002
5003
50032
5004
50051
50057
50070
501
50102
50123
50129
50132
50157
50165
50198
50201
50217
50236
50237
50238
50246
50256
50257
50271
50276
50282
50292
50320
50327
50347
50353
50361
50371
50394
50405
50414
50431
50466
50471
50475
50490
50509
50545
50553
50590
50612
50613
5063
5064
50659
50678
50702
50761
50793
50794
50799
50809
50824
50831
50931
50955
50961
50994
51
51073
51079
51095
5110
5111
51141
51180
5120
51397
5141
51441
51494
51538
5160
51600
51608
51653
5168
51692
51693
51696
51708
51744
51745
51749
51755
51762
51771
51830
51848
51908
51933
51994
5201
52017
52018
52020
52025
52044
52097
52103
52130
52139
52143
52146
52153
52214
52217
52229
52231
52254
52255
52257
52309
52311
52318
52333
52386
52394
52396
52417
52491
52509
52515
52521
5254
52545
52578
52579
52583
5259
52596
52604
52608
52616
5262
5264
52683
52775
52787
528
52809
52860
52899
52900
52905
52907
52910
52935
52964
530
5302
5303
53030
5304
53071
53074
53098
53113
53116
5312
5314
53166
53192
53198
53213
53214
53245
53252
53255
53269
5327
53281
53299
53306
53337
53345
53361
53387
53389
5340
53406
53407
5341
53414
5342
53426
5343
53456
53460
53468
5348
53506
53515
53518
5352
53544
53573
53607
53653
53654
53655
53675
53695
53700
53712
53727
53734
53735
53765
53766
53774
53778
53786
53788
53815
53821
53831
53832
53891
53894
53895
53896
53899
53901
53920
53975
53986
53987
540
54006
54021
54022
54034
5404
54069
54114
54141
54147
5417
54190
54195
54214
5426
54265
54294
54350
544
54413
54508
54529
54536
54547
54579
54630
54632
54638
54649
54664
54682
54724
54725
54732
54734
54737
54741
54747
54749
54767
54813
54826
54881
54887
54909
54913
54915
54930
54946
54961
54971
54994
54995
54996
55
55001
55040
55098
55107
55142
55143
55154
55161
55173
55213
55243
55256
55335
55359
55386
55415
55423
55435
55476
55523
55525
55560
55598
556
55609
55676
55684
557
55704
55715
55730
55764
55765
55801
55806
55826
55837
55843
55858
55865
55907
55908
55959
55964
55982
56008
56009
5602
56056
56074
5615
56153
56169
5617
56170
562
56206
56207
5623
56231
56232
56270
5629
5631
56319
5632
56322
56337
56362
56415
56510
56516
56552
56576
56602
5662
56632
56658
56677
56683
56690
56692
56694
56695
56699
56714
56718
56725
5673
5674
56743
56751
56752
56756
56773
5679
56790
56798
56831
56834
56887
56894
56896
56914
56950
5696
56973
57
57000
57008
5701
5707
57091
5713
57142
57149
57165
57171
57197
57199
572
57203
57229
57249
5727
5730
57305
5732
57325
57339
57371
57413
5742
5746
57469
5747
57509
57556
57559
57600
57604
57662
57688
5770
57729
57740
57769
5778
57799
5780
57825
57844
57858
57882
57908
5791
5796
57996
58021
58042
58132
58164
58185
58192
582
58304
5833
58336
5834
5835
58360
58410
58421
58432
5844
5845
5846
58491
58533
58546
58550
58551
58581
58595
58601
58629
58657
58704
58709
58732
58734
5875
58762
58763
58765
58789
58819
58900
5893
58937
5894
5900
59043
59069
59136
59182
59247
59261
59282
59340
59354
594
59405
59422
59426
59439
5947
5948
59496
59517
5952
59527
5955
59605
59623
59641
597
5970
59705
59734
59735
59756
5977
5981
59819
59872
59874
59876
5989
59904
5993
59941
59994
6001
60017
60081
6009
60095
60098
60133
60209
60211
60216
60255
60269
6027
60270
60299
6030
60322
60325
60345
60370
60405
60410
60418
60446
60447
60458
60459
60461
60463
60475
60495
60526
60540
6055
606
60604
60612
60621
60625
6063
60630
6067
6068
6069
6071
6072
60742
60782
60793
60804
60811
6083
60871
60894
60923
60926
60935
60970
60977
60978
6100
61009
6108
61082
61089
61094
61107
61114
61118
61131
6114
61163
61210
61236
61251
61260
61294
61360
61401
6142
61429
61441
61450
61457
61486
61512
61534
61535
61553
61558
61592
61619
6162
61654
61671
61673
61679
6168
61688
61695
61735
618
61817
61830
61847
61852
61854
61857
61875
61878
61888
61987
620
62000
62020
62027
62063
62079
62093
62105
62119
62123
62126
62135
62173
62183
62275
62278
62288
62309
62310
62411
62421
62440
62441
62442
62474
62489
62505
62509
62514
62537
62551
62568
62589
62590
62599
62607
62625
62654
62698
62714
62743
62748
62771
62778
62792
62794
62802
62803
62829
62855
62885
62903
62904
62912
62917
62935
62941
62946
62949
62976
62999
63029
63047
63049
6307
63116
63182
63191
6323
6324
63295
63297
6330
6337
6338
63383
6339
63407
63417
63437
63455
63506
63535
63549
63572
63573
63642
6365
63692
6370
6380
63815
63849
63858
63866
63892
63954
63992
640
64005
64012
64016
64033
64078
641
64100
64103
64109
64122
64139
64150
64162
64170
6418
64189
64216
64225
64231
64258
6426
64298
64307
64310
64315
6432
6433
64360
64365
6439
64397
6441
64422
64435
6444
64452
6451
64517
64566
64586
6459
64607
6461
64783
64807
6487
64891
64911
64988
65001
65135
65202
65205
65206
65237
65271
65308
65314
65323
65355
65360
65368
65394
65411
65418
65427
65433
65471
65509
65515
65539
65548
65558
65568
65590
65609
65621
65626
65700
6572
6573
6576
65810
65819
6582
6584
65841
65849
65869
65898
659
65920
65942
65950
65968
66006
66027
66030
66034
66038
66055
66092
66119
66152
66171
66186
66237
66304
66341
66372
66382
66394
66399
66443
66450
66509
66533
6655
66577
66596
6662
66643
66669
66670
66687
66688
66712
66747
6676
66779
6685
66888
66919
6692
66921
66923
66925
66926
66948
66971
67022
67034
67044
67053
67077
67087
67098
671
67191
67199
67207
67238
67255
67271
67279
67285
67298
67302
67380
67410
67425
67430
67433
67448
6746
67534
6754
67564
67567
67582
67601
67607
67654
67689
67776
67777
67781
67783
67787
67802
67805
67893
67898
67918
67921
67986
67989
67990
68017
68041
68062
68071
68083
68127
6814
68151
68158
68164
68198
68201
68204
68240
68248
68254
6827
68332
68352
68413
68434
68436
68453
68459
68471
68492
68497
6851
6853
68545
68551
68563
6858
68585
68589
6860
68631
68642
6866
68666
68677
68698
68725
68732
68749
6877
6879
68825
68833
68892
68944
68966
68984
6904
69047
69054
69068
69072
69075
69076
6908
69115
69117
69129
69132
69135
69146
6915
69188
69200
69206
69225
69242
69251
6927
69302
69317
69335
69352
69356
6936
69364
69398
69401
69416
69458
69477
69478
69482
6950
69501
69509
69511
69517
69521
69532
69570
69601
69602
69610
69612
69616
69647
69649
69654
69682
69707
69724
69739
69746
69760
69776
69782
69791
6980
69838
6984
6985
6987
69907
69923
69935
69938
69988
70017
70037
70083
70090
70116
70137
70143
70145
7018
70182
70198
702
70236
7026
7027
70274
70279
70295
70318
70321
70328
70341
70358
70384
7040
70424
70429
70460
70491
70515
70516
70572
70574
70598
70607
70614
70627
70655
70697
7070
70736
70783
708
7081
70843
7088
709
70920
70922
70936
70939
7095
70978
71019
71032
71034
71044
71080
71089
71092
71128
71146
71175
71176
71181
71185
71200
71201
71212
71213
71215
71239
71240
71243
71244
71245
71257
71271
71306
71309
71353
71367
714
71476
71478
71493
71515
71552
71559
71577
71594
71598
71604
71633
7165
71664
71668
71676
7169
71700
71740
71759
71771
71791
71793
71822
71824
71825
71840
71843
71880
71942
7195
71950
71952
71964
71977
72017
72019
72021
72039
72040
72044
72063
72065
72088
72094
7210
72109
72111
72132
72154
72177
72186
72200
72204
72220
72229
72274
72280
72294
7231
72325
72363
72403
72453
7256
72577
72578
72607
72610
72612
72625
72640
72644
72659
72686
72695
72701
72705
72707
72713
72723
72735
72746
72751
72752
72766
72769
72774
72827
72839
72840
72863
72903
72958
72970
7298
72983
72998
73005
73008
73011
73016
73102
73121
73136
73166
73209
7321
73213
73227
73229
73286
73293
73300
73301
73317
7335
73418
73421
73435
73456
7356
73565
73591
73603
73629
73665
73681
737
73707
73722
73763
73787
73791
73812
73829
73842
73850
73876
73914
73929
73954
73964
74012
74022
74044
74045
74046
74051
74069
74108
74172
74175
74181
74197
74200
74217
7423
74231
7425
74277
74284
74293
74313
74339
7434
7437
74373
74374
74379
7439
74422
74440
74683
74690
74737
74738
74753
74754
74791
74793
74876
7488
74880
74897
74919
74939
7494
7496
74975
7498
75012
75034
7505
75057
75068
75069
75070
75101
75142
75164
75166
7518
75192
75217
75233
75238
75261
75270
7531
75310
75322
7533
75332
75339
75341
75342
75343
7535
75380
75390
75395
75466
75471
75474
75499
75509
75550
75553
75556
75624
75627
75667
75734
75746
75755
75765
75780
75785
75827
75833
75899
75901
75936
75952
75953
75955
75969
75991
76014
76025
76069
76071
76074
76084
76085
76086
76122
76126
76142
76155
76173
76174
76206
76223
76232
76242
76247
76265
76322
76331
76365
76377
76378
76384
76385
764
76411
76444
76477
76521
76523
76530
76536
76547
76584
76585
76586
76615
76620
76628
76648
76660
76666
770
7767
778
7790
7799
7801
7802
7803
7806
7808
7820
7824
7831
7838
7841
7856
7868
7871
7885
7897
7898
7935
794
7998
8032
806
809
8137
8153
8155
8161
8178
822
8228
8235
8259
8300
8308
831
8317
832
8337
836
837
8410
8413
8415
8418
8510
8518
8604
8606
8653
8670
8675
8689
8697
8703
8714
873
8730
8732
8784
8886
8887
8890
8994
902
9048
9068
9078
928
9301
9313
9368
9383
9395
9397
9407
9456
9462
9482
9483
9485
949
950
951
952
953
954
955
9566
9626
9628
964
9648
9649
9700
981
982
9844
9854
9855
9901
9913
9914
9952
9966
9986
9988
9990